34.658 2.024 1.000
40.275 2.023 1.000
47.875 2.024 1.000
54.493 2.024 1.000
61.602 2.033 1.000
69.736 2.033 1.000
75.361 2.026 1.000
83.471 2.033 1.000
89.594 2.028 1.000
95.195 2.027 1.000
102.307 2.034 1.000
110.440 2.034 1.000
117.080 2.029 1.000
122.680 2.029 1.000
128.310 2.033 1.000
133.931 2.030 1.000
139.544 2.018 1.000
146.162 2.033 1.000
153.279 2.035 1.000
159.414 2.034 1.000
167.033 2.033 1.000
173.149 2.034 1.000
180.283 2.034 1.000
186.401 2.034 1.000
193.501 2.034 1.000
200.118 2.034 1.000
205.736 2.034 1.000
213.835 2.035 1.000
219.936 2.035 1.000
225.537 2.034 1.000
233.137 2.034 1.000
239.238 2.034 1.000
244.838 2.034 1.000
252.455 2.034 1.000
260.089 2.034 1.000
266.207 2.034 1.000
271.806 2.034 1.000
277.924 2.034 1.000
283.541 2.034 1.000
289.141 2.023 1.000
294.780 2.018 1.000
300.892 2.025 1.000
306.509 2.025 1.000
312.126 2.024 1.000
317.727 2.034 1.000
324.326 2.027 1.000
329.936 2.034 1.000
335.578 2.026 1.000
341.194 2.027 1.000
347.295 2.027 1.000
